
======================================================================
daily_screen_time_hours — target rate by 20-quantile bin
======================================================================
                    n   mean_val  target_rate
bin                                          
(0.499, 3.19]   29905   2.468455     0.232704
(3.19, 3.97]    30119   3.626765     0.297188
(3.97, 4.46]    29657   4.205697     0.290117
(4.46, 4.96]    29650   4.700456     0.330658
(4.96, 5.48]    29903   5.262796     0.377287
(5.48, 5.89]    29540   5.679586     0.420108
(5.89, 6.32]    29860   6.137168     0.428801
(6.32, 6.8]     29733   6.556210     0.640332
(6.8, 7.27]     29638   7.043239     0.696504
(7.27, 7.77]    30033   7.552589     0.749975
(7.77, 8.26]    30230   8.035268     0.859709
(8.26, 8.7]     29441   8.492181     0.931898
(8.7, 9.12]     29495   8.926544     0.954263
(9.12, 9.47]    30657   9.288771     0.993509
(9.47, 9.84]    28960   9.673794     0.993439
(9.84, 10.25]   29957  10.050470     0.995994
(10.25, 10.74]  29799  10.496673     0.998087
(10.74, 11.24]  29931  10.984773     0.999232
(11.24, 11.71]  29491  11.457265     0.999593
(11.71, 15.0]   29516  12.281798     0.999729

======================================================================
weekend_screen_time — target rate by 20-quantile bin
======================================================================
                    n   mean_val  target_rate
bin                                          
(0.509, 4.72]   29021   4.043352     0.262568
(4.72, 5.63]    28989   5.243634     0.266273
(5.63, 6.17]    29183   5.906448     0.297605
(6.17, 6.76]    29080   6.475707     0.346699
(6.76, 7.28]    28575   7.032075     0.390026
(7.28, 7.73]    30605   7.554052     0.401960
(7.73, 8.2]     27407   7.962931     0.514759
(8.2, 8.68]     29634   8.470047     0.626443
(8.68, 9.12]    30203   8.895923     0.702546
(9.12, 9.58]    27769   9.352866     0.794123
(9.58, 10.01]   28659   9.801509     0.824942
(10.01, 10.47]  29871  10.248398     0.909243
(10.47, 10.86]  27810  10.655894     0.929162
(10.86, 11.33]  29432  11.100219     0.966839
(11.33, 11.75]  28897  11.544379     0.982109
(11.75, 12.08]  28946  11.926555     0.993989
(12.08, 12.64]  29505  12.370203     0.996746
(12.64, 13.19]  27894  12.895378     0.999247
(13.19, 13.96]  29036  13.548561     0.999759
(13.96, 17.56]  28790  14.760486     0.999618

======================================================================
social_media_hours — target rate by 20-quantile bin
======================================================================
                    n  mean_val  target_rate
bin                                         
(-0.001, 0.58]  28513  0.367010     0.214604
(0.58, 0.85]    27780  0.729416     0.285565
(0.85, 1.07]    27939  0.965535     0.310569
(1.07, 1.27]    28334  1.180108     0.364721
(1.27, 1.45]    27867  1.369682     0.441813
(1.45, 1.62]    26919  1.538330     0.518333
(1.62, 1.79]    28621  1.709306     0.587051
(1.79, 1.94]    27224  1.872429     0.678996
(1.94, 2.12]    27686  2.029994     0.711479
(2.12, 2.31]    28044  2.219159     0.745685
(2.31, 2.51]    29233  2.416354     0.806794
(2.51, 2.7]     27284  2.610585     0.857242
(2.7, 2.9]      27941  2.805151     0.889374
(2.9, 3.16]     27946  3.034805     0.910255
(3.16, 3.37]    26907  3.267419     0.954510
(3.37, 3.65]    28559  3.510821     0.964565
(3.65, 3.94]    27046  3.788301     0.980737
(3.94, 4.33]    28251  4.119600     0.990018
(4.33, 4.86]    27536  4.607703     0.997603
(4.86, 8.0]     27744  5.380764     0.999676

======================================================================
notifications_per_day — target rate by 20-quantile bin
======================================================================
                    n    mean_val  target_rate
bin                                           
(19.999, 33.0]  32733   27.443620     0.711942
(33.0, 49.0]    30672   42.309827     0.742697
(49.0, 62.0]    33470   56.845832     0.736361
(62.0, 78.0]    27992   70.694591     0.660224
(78.0, 93.0]    31351   85.965073     0.684348
(93.0, 108.0]   32886  101.489479     0.717205
(108.0, 118.0]  34113  113.442265     0.719667
(118.0, 127.0]  27368  121.769804     0.749415
(127.0, 139.0]  30699  132.736245     0.698687
(139.0, 150.0]  32473  145.178425     0.733563
(150.0, 161.0]  31090  155.565133     0.670441
(161.0, 173.0]  31099  167.738384     0.743561
(173.0, 184.0]  33923  180.481237     0.673319
(184.0, 194.0]  28174  189.846206     0.782991
(194.0, 204.0]  30320  198.405013     0.684037
(204.0, 213.0]  30745  209.827452     0.702716
(213.0, 224.0]  32368  219.015108     0.667109
(224.0, 232.0]  30425  227.944782     0.672966
(232.0, 240.0]  32252  236.602629     0.753628
(240.0, 250.0]  29632  244.968986     0.685171

======================================================================
app_opens_per_day — target rate by 20-quantile bin
======================================================================
                    n    mean_val  target_rate
bin                                           
(14.999, 23.0]  30670   18.639843     0.609227
(23.0, 35.0]    33143   29.880126     0.696497
(35.0, 42.0]    31993   38.843247     0.717469
(42.0, 53.0]    29222   48.623229     0.752173
(53.0, 64.0]    31903   58.821427     0.698586
(64.0, 71.0]    28157   67.894484     0.643925
(71.0, 80.0]    31648   76.036780     0.612930
(80.0, 90.0]    30738   85.425369     0.677012
(90.0, 97.0]    29982   94.650390     0.762891
(97.0, 104.0]   28571  101.440797     0.686500
(104.0, 113.0]  34524  109.248783     0.708116
(113.0, 121.0]  29005  117.828099     0.725909
(121.0, 129.0]  30240  125.201554     0.683532
(129.0, 136.0]  28881  132.802119     0.629306
(136.0, 145.0]  31293  141.044131     0.810629
(145.0, 154.0]  30741  149.406005     0.713737
(154.0, 161.0]  32960  157.961863     0.735589
(161.0, 167.0]  30210  164.338199     0.806918
(167.0, 175.0]  28696  171.273766     0.717069
(175.0, 180.0]  28082  177.712414     0.793213

======================================================================
ROW-LEVEL MISSING COUNT vs TARGET
======================================================================
             size      mean
n_missing                  
0          269185  0.708123
1          180459  0.708970
2          120697  0.711178
3           67328  0.711784
4           32557  0.709494
5           13678  0.712458
6            5157  0.719217
7            1676  0.696301
8             477  0.702306
9             136  0.661765
10             18  0.666667
11              1  1.000000

correlation(n_missing, target) = 0.00249

======================================================================
2D interaction probe: daily_screen_time_hours x social_media_hours
======================================================================
bin_b          (-0.001, 1.27]  (1.27, 1.94]  (1.94, 2.7]  (2.7, 3.65]  (3.65, 8.0]
bin_a                                                                             
(0.499, 4.97]        0.113131      0.439936     0.630569     0.723392     0.828571
(4.97, 6.8]          0.138099      0.295681     0.636541     0.790857     0.910151
(6.8, 8.69]          0.547594      0.617752     0.775197     0.911543     0.974522
(8.69, 10.25]        0.961557      0.968383     0.974644     0.987471     0.997878
(10.25, 15.0]        0.998673      0.998588     0.997853     0.998847     0.999801
